2468
2191
2498
4651
4626
4589
2030
4618
3497
2827
4931
3691
4923
2112
2413
4458
2986
4733
3331
4939
4555
2130
2507
2772
4533
3049
3867
3968
2076
4200
3021
4892
2426
4001
3072
2688
2951
4629
2229
4411
4242
2970
3118
4272
3162
3118
3560
2476
3678
2151
4017
2175
4381
3055
3296
3151
2041
4121
4386
4571
2729
2498
2506
4900
3409
2571
2733
3344
4766
4555
3452
4626
2959
2810
3902
2816
3106
3235
2380
2914
2510
4218
3161
2611
4630
4681
2850
3340
3764
2008
4058
4360
2199
2008
4861
2502
2582
3415
4466
2577
4469
4020
4027
4577
2617
3527
2094
3854
4284
2126
2737
4305
4554
4222
3731
2209
2019
2621
2204
4281
3773
3542
4734
4968
4930
4475
3409
4792
4636
4240
4835
3846
4570
3381
4458
2519
2445
4408
4030
2143
4407
2420
3585
4474
3802
3244
2280
4432
3524
3762
3951
2752
3056
2801
4209
2921
3827
4634
4214
2543
3059
4948
4415
4697
3674
2637
2490
4480
4322
2881
2990
3741
3849
3916
3664
4360
4263
2879
3423
4760
3404
2891
2600
4669
2411
2356
3152
4018
3968
3077
2304
2632
4558
4913
4071
2674
4748
4325
4789
4784
3999
3650
4675
4995
4558
4775
3050
4587
3528
4554
4675
4087
4903
2044
3392
3205
2947
4595
2576
3732
3405
4530
2622
4313
2627
4614
2590
4364
4805
4018
2030
3457
3610
4582
2358
4816
2029
3837
4692
2334
3884
4388
2851
3257
2457
2558
4201
2772
4462
3378
2242
2131
3287
2100
3561
3562
3728
3317
2433
4766
4152
4390
4955
4099
2920
4070
3409
2667
3304
2574
3795
2982
2625
2873
4135
3842
4212
3435
3476
4137
2682
4544
4102
3065
2203
2926
4726
4820
2777
2716
2839
4765
3947
3068
3161
4908
2655
3368
3523
4372
3981
3381
2242
3135
2083
2247
2584
4878
4343
3133
3202
4313
4874
3098
2293
3644
3937
3267
4830
4648
2475
2058
4433
4250
4626
3564
4440
2707
4559
4667
4628
2750
2570
4329
2014
3807
3182
4051
2473
3979
3983
2649
2231
3231
2868
4002
4710
3392
4035
3952
3868
2926
4085
3158
4809
3667
2910
3798
4240
3727
3413
2050
4753
4685
3003
3479
4755
4116
2278
4403
4579
4044
4612
2448
4789
3958
4413
2785
2188
3888
3331
2329
4422
4631
2590
4361
3645
3048
2239
4961
2562
4513
4593
3815
3871
2740
3993
2387
2271
2560
2895
4094
3400
4201
4316
2465
2692
2187
2061
4915
4465
2781
2359
4493
4001
3715
2329
3029
4738
4500
4590
3864
3856
3313
4531
4695
3836
4038
3432
2995
4508
3269
4177
2895
4485
3471
2595
4611
4552
3250
4983
2824
3221
2696
3223
4348
4537
2242
2199
2067
2808
3395
4888
4931
4723
4203
4537
3997
4127
2071
2378
4805
4236
2089
3186
4514
2427
2288
3366
2085
2243
3010
2442
2516
4462
2642
4101
3603
4825
3808
3005
4359
2394
3871
3164
3720
4822
4877
2117
2491
3840
4012
4100
4609
2220
4593
2891
2706
4335
2359
3399
3511
3398
4261
2731
4671
4608
4450
2125
4730
2362
4257
3404
2183
3001
4999
4883
3327
3612
4156
4411
4702
3387
4843
4737
3347
2206
4616
2620
3343
2020
4500
2381
3729
3571
3122
3437
4225
4563
3245
4303
2110
4250
3350
2391
4106
3608
4094
4606
2683
3671
2175
4658
2371
2104
3044
2090
2609
4652
4748
4518
3259
3196
4800
2457
3152
3432
2376
4797
2253
2824
2414
3317
2951
4040
4520
2121
2956
3482
4461
4404
4348
4462
2749
4852
4028
3428
4712
4616
4122
4764
2405
4868
2217
4043
3489
2449
3288
4823
2000
2255
4550
3436
3590
3730
2748
4077
3729
4971
2401
2554
4216
2817
4781
4491
2138
3491
3449
4983
4784
4284
2220
4077
2683
4124
2589
3325
4331
3829
3516
4515
2078
4019
2951
4540
3972
3015
4028
2857
3813
4976
4017
2600
4427
2405
4097
2709
4003
4541
4312
3901
2793
3993
2940
3134
4431
4195
2756
4735
4495
2163
4564
3184
3800
4152
3666
4419
2204
3973
3003
3218
4248
4733
3017
4322
4283
4610
3290
3829
4191
3628
3528
2605
2810
3615
3665
2882
3120
2492
4874
2204
4809
4326
3419
4836
2089
4691
3700
3673
4369
2331
2646
3497
4601
4789
2666
4148
2634
2448
4565
4330
3963
4334
3984
3475
2857
4213
4476
2136
4165
2011
3929
3276
2056
4192
2191
4034
3225
4127
3090
2590
2793
3077
2375
2005
4271
2909
3866
3403
4126
3452
2669
4495
3907
2303
4705
3586
4254
2101
3089
4134
4164
3087
2338
3801
2318
2818
2660
4308
2083
4848
2549
2628
3764
3928
4215
3580
3556
2600
3608
3989
3097
2739
4477
3507
4308
2268
3268
4136
3035
3501
3159
2568
3716
3020
4657
3859
4507
3101
3667
2311
3779
3790
2082
3796
2660
2584
2143
2740
3677
2223
4694
2055
2294
3899
2319
2062
4165
3314
3290
2062
3531
4464
2201
4183
4774
3739
2553
3082
4961
2503
2019
2420
4786
3723
2749
2790
2849
3719
2881
4995
3893
3727
2456
4765
3682
3609
4638
2719
3362
4071
2760
4854
3437
4291
3130
3743
4212
4881
3778
3566
3055
2927
3702
3000
2250
3987
2208
3858
4647
4600
3521
3325
3270
3152
3427
4841
2273
4417
2565
4595
2991
2573
3393
2065
4901
3862
2293
2172
4844
4788
4290
4438
2771
2136
3684
4932
3258
4357
2136
4741
3464
2452
4815
2567
3263
2354
3835
4630
4376
3838
3264
4450
2917
2153
4767
4790
3773
3545
4833
3815
2463
3631
3766
3755
2871
2342
3236
2489
3720
4263
2580
4984
4372
4942
4475
2184
2547
3399
4882
4483
3114
2822
3237
4509
3918
3598
3525
4244
2682
4080
2994
2874
4767
3943
2866
2223
3512
4383
4580
4279
4581
2298
3599
2496
2241
4295
3359
3573
4506
2951
3958
2944
2510
3695
4698
4774
2350
3439
4974
4793
3826
4621
4098
4043
2476
4935
4599
3990
4168
3314
4103
2672
4106
4564
2090
4630
4964
3381
3874
2765
3836
3499
2278
2834
4825
2319
4688
4248
2156
